     1        0   129600   0.000
     2    20038   129600   0.020
     3    40075   129600   0.040
     4    60112   130876   0.060
     5    80149   130876   0.080
     6   100186   130876   0.100
     7   120223   132894   0.120
     8   140260   132894   0.140
     9   160297   132894   0.160
    10   180334   135474   0.180
    11   200371   135474   0.200
    12   220408   135474   0.220
    13   240445   137861   0.240
    14   260482   137861   0.260
    15   280519   137861   0.280
    16   300556   140510   0.300
    17   320593   140510   0.320
    18   340630   140510   0.340
    19   360667   143269   0.360
    20   380704   143269   0.380
    21   400741   143269   0.400
    22   420778   146139   0.420
    23   440815   146139   0.440
    24   460852   146139   0.460
    25   480889   148804   0.480
    26   500926   148804   0.500
    27   520963   148804   0.520
    28   541000   151231   0.540
    29   561037   151231   0.560
    30   581074   151231   0.580
    31   601111   154173   0.600
    32   621148   154173   0.620
    33   641185   154173   0.640
    34   661222   157486   0.660
    35   681259   157486   0.680
    36   701296   160336   0.700
    37   721333   160336   0.720
    38   741370   160336   0.740
    39   761407   163493   0.760
    40   781444   163493   0.780
    41   801481   163493   0.800
    42   821518   166639   0.820
    43   841555   166639   0.840
    44   861592   166639   0.860
    45   881629   169768   0.880
    46   901666   169768   0.900
    47   921703   169768   0.920
    48   941740   173069   0.940
    49   961777   173069   0.960
    50   981814   173069   0.980
    51  1001851   176207   1.000
    52  1021888   176207   1.020
    53  1041925   176207   1.040
    54  1061962   179377   1.060
    55  1081999   179377   1.080
    56  1102036   179377   1.100
    57  1122073   182554   1.120
    58  1142110   182554   1.140
    59  1162147   182554   1.160
    60  1182184   185765   1.180
    61  1202221   185765   1.200
    62  1222258   185765   1.220
    63  1242295   188960   1.240
    64  1262332   188960   1.260
    65  1282369   188960   1.280
    66  1302406   192052   1.300
    67  1322443   192052   1.320
    68  1342480   192052   1.340
    69  1362517   195879   1.360
    70  1382554   195879   1.380
    71  1402591   199300   1.400
    72  1422628   199300   1.420
    73  1442665   199300   1.440
    74  1462702   202727   1.460
    75  1482739   202727   1.480
    76  1502776   202727   1.500
    77  1522813   206093   1.520
    78  1542850   206093   1.540
    79  1562887   206093   1.560
    80  1582924   209322   1.580
    81  1602961   209322   1.600
    82  1622998   209322   1.620
    83  1643035   212508   1.640
    84  1663072   212508   1.660
    85  1683109   212508   1.680
    86  1703146   215737   1.700
    87  1723183   215737   1.720
    88  1743220   215737   1.740
    89  1763257   219509   1.760
    90  1783294   219509   1.780
    91  1803331   219509   1.800
    92  1823368   222725   1.820
    93  1843405   222725   1.840
    94  1863442   222725   1.860
    95  1883479   225876   1.880
    96  1903516   225876   1.900
    97  1923553   225876   1.920
    98  1943590   229605   1.940
    99  1963627   229605   1.960
   100  1983664   232985   1.980
   101  2003701   232985   2.000
